849,745 -> 849,105
524,926 -> 357,926
110,827 -> 661,827
911,36 -> 49,898
967,15 -> 23,959
969,166 -> 155,980
204,684 -> 805,83
230,960 -> 230,556
309,718 -> 522,931
121,208 -> 121,443
733,797 -> 710,820
813,780 -> 813,909
154,97 -> 375,318
117,916 -> 984,49
573,525 -> 573,980
442,636 -> 383,695
938,21 -> 938,50
38,672 -> 196,672
52,829 -> 52,835
661,278 -> 157,782
525,347 -> 285,347
339,468 -> 339,42
10,20 -> 976,986
953,812 -> 445,304
328,327 -> 711,327
750,820 -> 750,172
244,935 -> 244,360
842,36 -> 181,697
559,730 -> 320,730
149,510 -> 524,510
713,913 -> 262,462
703,957 -> 643,957
170,930 -> 767,930
804,259 -> 635,90
117,948 -> 932,133
263,806 -> 981,806
307,665 -> 307,743
697,164 -> 665,132
589,568 -> 872,285
865,189 -> 417,637
77,76 -> 951,950
546,350 -> 769,350
533,479 -> 566,446
689,79 -> 689,417
132,666 -> 888,666
661,88 -> 155,88
93,27 -> 852,786
536,366 -> 815,366
97,649 -> 97,214
50,784 -> 691,143
523,687 -> 523,881
720,825 -> 865,825
103,985 -> 939,149
135,94 -> 91,50
959,26 -> 18,967
391,617 -> 391,147
522,103 -> 522,202
161,774 -> 742,193
125,291 -> 125,513
449,436 -> 726,436
438,127 -> 499,66
804,577 -> 804,385
714,112 -> 714,90
111,184 -> 907,980
218,209 -> 53,209
343,949 -> 73,679
50,205 -> 828,983
416,664 -> 416,213
300,902 -> 300,137
563,366 -> 307,366
302,750 -> 572,750
436,59 -> 512,59
363,299 -> 363,471
969,988 -> 10,29
15,349 -> 15,424
855,231 -> 855,241
93,771 -> 540,324
360,363 -> 360,481
890,391 -> 890,824
603,916 -> 780,916
686,776 -> 165,255
905,64 -> 37,932
937,607 -> 937,846
634,108 -> 971,108
118,419 -> 292,419
724,241 -> 724,663
118,327 -> 688,327
728,316 -> 507,316
824,652 -> 744,652
985,72 -> 93,964
791,652 -> 791,621
475,488 -> 475,448
289,386 -> 648,386
833,925 -> 120,925
323,813 -> 652,813
631,615 -> 248,615
191,222 -> 603,634
445,322 -> 964,322
238,672 -> 142,672
170,370 -> 439,370
158,77 -> 491,410
165,737 -> 816,737
420,957 -> 709,668
936,283 -> 681,283
76,781 -> 291,781
197,575 -> 656,116
577,746 -> 577,748
435,198 -> 435,803
787,623 -> 787,153
476,176 -> 670,176
107,581 -> 107,167
575,495 -> 186,106
283,760 -> 19,760
910,483 -> 871,483
550,99 -> 550,94
338,522 -> 589,522
856,435 -> 856,388
890,380 -> 392,878
524,885 -> 315,676
23,34 -> 769,780
686,647 -> 545,647
760,442 -> 564,246
535,264 -> 61,264
709,168 -> 709,33
89,230 -> 604,230
476,558 -> 82,558
905,48 -> 294,48
695,882 -> 695,153
785,716 -> 94,716
390,990 -> 390,757
775,699 -> 783,699
965,126 -> 425,126
572,45 -> 482,45
399,391 -> 399,827
310,660 -> 947,23
418,813 -> 72,467
292,911 -> 506,697
177,685 -> 177,100
749,294 -> 749,927
304,832 -> 833,303
237,759 -> 923,73
834,95 -> 15,914
233,99 -> 822,99
462,841 -> 462,845
968,70 -> 815,70
820,565 -> 241,565
849,469 -> 648,670
10,825 -> 906,825
105,105 -> 526,526
977,173 -> 711,173
347,66 -> 347,959
921,42 -> 41,42
100,264 -> 100,580
608,211 -> 166,653
826,171 -> 509,171
346,541 -> 802,85
351,70 -> 872,70
649,79 -> 590,79
974,31 -> 24,981
876,145 -> 227,794
855,903 -> 855,891
621,734 -> 621,930
190,184 -> 727,721
210,855 -> 564,855
612,919 -> 612,628
258,851 -> 573,851
842,85 -> 140,787
252,312 -> 252,17
82,352 -> 135,352
365,583 -> 854,583
939,666 -> 525,252
257,481 -> 257,591
382,725 -> 382,786
326,111 -> 38,399
476,480 -> 476,544
592,49 -> 592,473
626,748 -> 626,477
612,574 -> 19,574
638,734 -> 604,734
240,794 -> 770,794
598,931 -> 37,370
666,559 -> 573,559
208,337 -> 784,913
24,17 -> 988,981
324,267 -> 332,267
233,589 -> 300,589
53,46 -> 986,979
193,649 -> 243,649
873,600 -> 873,618
461,102 -> 638,102
468,574 -> 507,535
261,521 -> 658,521
540,234 -> 769,234
975,337 -> 975,478
724,982 -> 585,982
449,639 -> 449,255
47,296 -> 751,296
700,262 -> 903,262
838,833 -> 838,626
956,17 -> 24,949